Steps = 10, Colony Size = 1000
[172, 34, 1, 124, 180, 67, 29, 88, 40, 72, 2, 58, 35, 56, 73, 155, 32, 99, 98, 9, 174, 91, 15, 62, 43, 187, 115, 121, 117, 60, 135, 25, 198, 6, 8, 77, 81, 137, 36, 17, 109, 28, 183, 45, 171, 120, 173, 158, 114, 116, 110, 52, 0, 131, 84, 190, 26, 197, 122, 14, 78, 159, 12, 66, 46, 30, 64, 185, 119, 63, 19, 41, 126, 111, 106, 108, 5, 53, 186, 71, 49, 82, 61, 167, 184, 93, 90, 75, 69, 149, 22, 143, 101, 94, 4, 151, 55, 195, 177, 70, 37, 27, 38, 102, 57, 199, 140, 170, 113, 97, 145, 133, 21, 7, 142, 33, 24, 89, 16, 128, 87, 147, 129, 42, 136, 104, 85, 138, 112, 132, 175, 194, 181, 139, 20, 153, 188, 130, 179, 162, 105, 92, 148, 189, 18, 118, 103, 164, 95, 165, 83, 10, 51, 47, 86, 125, 96, 80, 44, 196, 191, 13, 107, 68, 141, 76, 157, 127, 192, 166, 163, 168, 154, 182, 74, 156, 134, 54, 161, 176, 79, 160, 150, 3, 100, 59, 48, 146, 39, 11, 123, 50, 193, 152, 65, 169, 178, 23, 31, 144]
52254.0
61.72803974151611


Steps = 50, Colony Size = 1000
[133, 21, 182, 154, 119, 126, 111, 134, 41, 54, 161, 185, 63, 19, 30, 46, 108, 5, 53, 106, 74, 156, 150, 79, 66, 176, 12, 78, 159, 26, 190, 144, 84, 110, 114, 116, 52, 0, 67, 34, 1, 168, 124, 180, 160, 157, 76, 122, 14, 197, 131, 39, 28, 109, 17, 48, 173, 120, 158, 23, 171, 45, 11, 146, 100, 3, 162, 92, 105, 148, 91, 9, 174, 98, 73, 56, 35, 13, 191, 68, 141, 107, 72, 2, 58, 130, 179, 43, 187, 115, 121, 193, 50, 62, 15, 178, 65, 152, 10, 51, 47, 83, 169, 44, 196, 188, 155, 99, 32, 80, 96, 103, 164, 95, 165, 125, 86, 118, 18, 189, 183, 135, 60, 25, 198, 77, 8, 137, 123, 117, 36, 31, 6, 81, 61, 82, 71, 129, 70, 37, 27, 38, 147, 87, 97, 113, 102, 24, 89, 33, 145, 7, 142, 16, 128, 90, 93, 94, 85, 49, 138, 195, 177, 151, 55, 4, 104, 42, 136, 175, 112, 132, 194, 199, 170, 57, 140, 40, 88, 153, 139, 20, 163, 22, 143, 101, 69, 75, 181, 149, 172, 184, 167, 186, 64, 192, 127, 166, 29, 59]
54060.0
339.22606897354126


Steps = 100, Colony Size = 1000
[54, 41, 185, 126, 46, 30, 66, 186, 5, 53, 106, 108, 156, 74, 182, 154, 7, 21, 133, 128, 71, 129, 37, 38, 27, 147, 87, 97, 113, 57, 170, 140, 24, 142, 89, 33, 16, 102, 145, 4, 195, 177, 151, 55, 70, 61, 82, 49, 94, 93, 90, 149, 143, 172, 22, 20, 139, 163, 153, 88, 40, 44, 103, 47, 83, 10, 51, 169, 121, 115, 187, 91, 9, 174, 98, 18, 99, 32, 155, 35, 56, 73, 2, 72, 58, 190, 197, 122, 14, 12, 119, 111, 134, 63, 19, 159, 78, 161, 176, 64, 1, 180, 124, 34, 67, 29, 160, 79, 76, 157, 59, 100, 3, 166, 162, 191, 13, 68, 179, 130, 188, 141, 107, 196, 80, 96, 152, 65, 43, 62, 50, 15, 117, 123, 8, 137, 77, 81, 198, 60, 135, 31, 23, 158, 173, 120, 45, 171, 109, 17, 28, 183, 36, 48, 148, 105, 92, 11, 146, 39, 26, 84, 144, 0, 52, 114, 116, 110, 131, 127, 192, 150, 69, 75, 101, 168, 181, 194, 175, 112, 132, 104, 136, 42, 85, 138, 199, 184, 167, 164, 165, 95, 125, 86, 118, 189, 178, 193, 25, 6]
52835.0
626.5553724765778


