Steps = 50, Colony Size = 10
[21, 17, 30, 22, 19, 0, 34, 35, 33, 38, 37, 4, 23, 47, 5, 3, 45, 24, 14, 36, 39, 48, 31, 2, 40, 7, 18, 44, 20, 16, 1, 6, 41, 29, 28, 15, 49, 43, 11, 50, 10, 26, 25, 12, 13, 51, 27, 46, 32, 42, 9, 8]
10880.0
2.075108051300049


Steps = 50, Colony Size = 50
[47, 23, 4, 14, 3, 5, 37, 36, 33, 0, 21, 31, 48, 35, 34, 38, 39, 24, 11, 27, 26, 12, 51, 13, 46, 25, 19, 49, 22, 17, 30, 20, 16, 1, 6, 41, 29, 28, 15, 45, 43, 40, 7, 9, 8, 18, 44, 2, 42, 32, 10, 50]
10162.0
16.96231770515442


Steps = 50, Colony Size = 100
[2, 21, 0, 31, 48, 35, 34, 33, 38, 39, 45, 47, 23, 4, 14, 3, 5, 37, 36, 24, 15, 22, 19, 49, 43, 44, 18, 7, 40, 8, 9, 42, 32, 50, 11, 27, 26, 12, 25, 46, 13, 51, 10, 30, 17, 28, 29, 20, 1, 6, 41, 16]
10103.0
38.02258563041687


Steps = 50, Colony Size = 250
[24, 39, 37, 4, 23, 47, 36, 33, 34, 35, 38, 48, 31, 21, 0, 43, 15, 14, 5, 3, 45, 19, 49, 22, 30, 20, 17, 2, 44, 18, 7, 8, 9, 40, 16, 6, 1, 41, 29, 28, 12, 26, 27, 25, 46, 13, 51, 10, 50, 11, 32, 42]
9793.0
62.658724784851074


Steps = 50, Colony Size = 500
[8, 9, 7, 40, 18, 44, 31, 48, 4, 14, 5, 47, 23, 37, 39, 36, 38, 35, 33, 34, 21, 17, 30, 22, 19, 49, 15, 43, 20, 0, 28, 29, 6, 1, 41, 16, 2, 45, 3, 24, 11, 27, 25, 46, 13, 51, 12, 26, 10, 50, 32, 42]
9527.0
114.06544709205627


