Colony Size in [10,50,100,250,500,1000]

Colony Size = 10
[5, 11, 0, 27, 7, 23, 12, 9, 3, 14, 13, 21, 16, 17, 10, 6, 24, 18, 15, 22, 26, 1, 20, 8, 4, 25, 28, 2, 19]
2540.0
0.5008189678192139

Colony Size = 50
[24, 6, 22, 7, 26, 15, 23, 19, 9, 12, 20, 1, 2, 28, 25, 4, 8, 11, 5, 27, 0, 3, 16, 17, 13, 21, 10, 18, 14]
2391.0
2.6748509407043457

Colony Size = 100
[4, 8, 20, 1, 25, 28, 2, 19, 9, 3, 18, 14, 17, 13, 16, 21, 10, 24, 6, 22, 7, 26, 12, 23, 15, 27, 0, 5, 11]
2366.0
9.355868101119995

Colony Size = 250
[13, 17, 14, 3, 9, 19, 1, 0, 27, 5, 11, 8, 4, 25, 2, 28, 20, 15, 12, 7, 23, 26, 22, 6, 24, 18, 10, 21, 16]
2237.0
22.779343128204346

Colony Size = 500
[26, 7, 0, 27, 5, 11, 4, 8, 25, 28, 2, 1, 20, 19, 9, 3, 14, 13, 17, 16, 21, 10, 18, 15, 23, 12, 24, 6, 22]
2151.0
46.4099543094635

Colony Size = 1000
[15, 12, 9, 19, 3, 14, 13, 17, 16, 21, 10, 18, 24, 6, 22, 7, 0, 27, 5, 11, 8, 4, 25, 28, 2, 1, 20, 23, 26]
2087.0
89.26819133758545

