Steps = 10, Colony Size = 500
[15, 45, 43, 38, 33, 48, 31, 0, 21, 17, 2, 44, 18, 7, 40, 23, 47, 37, 34, 35, 36, 4, 14, 5, 3, 24, 11, 50, 10, 27, 25, 26, 12, 51, 13, 46, 28, 49, 19, 20, 30, 22, 29, 1, 6, 41, 16, 9, 8, 32, 42, 39]
9895.0
31.86855912208557


Steps = 50, Colony Size = 500
[3, 5, 23, 47, 36, 14, 4, 37, 33, 34, 35, 39, 38, 48, 49, 19, 22, 0, 21, 31, 44, 18, 40, 7, 8, 9, 24, 11, 50, 10, 51, 12, 13, 46, 25, 27, 26, 15, 30, 17, 2, 16, 20, 41, 6, 1, 29, 28, 43, 45, 42, 32]
9676.0
151.88156414031982


Steps = 100, Colony Size = 500
[26, 11, 27, 25, 23, 4, 14, 34, 35, 33, 0, 48, 31, 17, 30, 21, 43, 36, 47, 37, 39, 38, 5, 3, 24, 45, 15, 49, 19, 22, 20, 28, 29, 6, 1, 41, 16, 2, 44, 18, 7, 40, 8, 9, 42, 32, 50, 10, 51, 13, 12, 46]
9334.0
257.17769145965576

Steps = 50, Colony Size = 500
[24, 3, 23, 47, 4, 14, 5, 39, 37, 36, 43, 35, 34, 33, 38, 48, 31, 44, 40, 7, 9, 8, 18, 2, 17, 30, 21, 0, 19, 49, 22, 16, 20, 41, 6, 1, 29, 28, 15, 45, 26, 11, 27, 46, 25, 12, 13, 51, 10, 50, 42, 32]
9498.0
687.5356228351593


