Steps = 10, Colony Size = 1000
[5, 11, 6, 12, 7, 0, 10, 8, 9, 1, 13, 2, 3, 4]
3396.1209002283877
3.7494471073150635


Steps = 50, Colony Size = 1000
[4, 5, 11, 6, 12, 7, 0, 10, 8, 9, 1, 13, 2, 3]
3396.1209002283877
27.60963535308838


Steps = 100, Colony Size = 1000
[8, 10, 7, 12, 6, 11, 5, 4, 3, 2, 13, 1, 0, 9]
3358.4131417056437
54.7095673084259


Steps = 250, Colony Size = 1000
[5, 11, 6, 12, 7, 10, 8, 9, 0, 1, 13, 2, 3, 4]
3358.413141705643
149.07460689544678


Steps = 500, Colony Size = 1000
