Steps = 50, Colony Size = 10
[11, 5, 6, 12, 0, 7, 10, 8, 9, 1, 13, 2, 3, 4]
3556.123782505124
0.2959117889404297


Steps = 50, Colony Size = 50
[5, 11, 6, 12, 7, 0, 8, 10, 9, 1, 13, 2, 3, 4]
3421.8391147361026
1.683593511581421


Steps = 50, Colony Size = 100
[5, 11, 6, 12, 7, 0, 8, 10, 9, 1, 13, 2, 3, 4]
3421.8391147361026
2.5539615154266357


Steps = 50, Colony Size = 250
[5, 11, 6, 12, 7, 0, 10, 8, 9, 1, 13, 2, 3, 4]
3396.1209002283877
6.207818508148193


Steps = 50, Colony Size = 500
[5, 11, 6, 12, 7, 0, 10, 8, 9, 1, 13, 2, 3, 4]
3396.1209002283877
18.573045015335083


Steps = 50, Colony Size = 1000
[5, 11, 6, 12, 7, 10, 8, 9, 0, 1, 13, 2, 3, 4]
3358.413141705643
25.201744079589844


