Steps = 10
[6, 24, 18, 15, 14, 10, 21, 13, 17, 16, 3, 19, 12, 9, 23, 7, 5, 4, 8, 25, 28, 2, 0, 20, 1, 27, 11, 22, 26]
2846.0
0.04828500747680664


Steps = 50
[5, 8, 4, 20, 1, 19, 9, 12, 15, 18, 3, 14, 17, 16, 21, 13, 10, 24, 6, 22, 26, 23, 7, 28, 2, 25, 11, 27, 0]
2373.0
0.2872929573059082


Steps = 100
[24, 18, 14, 3, 10, 13, 17, 16, 21, 9, 19, 1, 20, 15, 26, 7, 5, 0, 27, 11, 8, 4, 25, 28, 2, 12, 23, 22, 6]
2577.0
0.4955108165740967


Steps = 250
[13, 10, 21, 16, 14, 3, 19, 9, 12, 1, 20, 4, 25, 2, 0, 23, 7, 27, 5, 11, 8, 28, 18, 15, 26, 22, 6, 24, 17]
2704.0
1.3846969604492188


Steps = 500
[4, 8, 27, 5, 11, 1, 20, 3, 14, 9, 19, 12, 26, 23, 7, 0, 15, 22, 6, 24, 18, 10, 21, 17, 13, 16, 2, 28, 25]
2706.0
3.9639456272125244


Steps = 1000
[15, 26, 3, 14, 10, 18, 12, 9, 19, 1, 20, 0, 27, 2, 28, 25, 8, 4, 5, 11, 7, 23, 22, 6, 24, 21, 16, 13, 17]
2636.0
10.85539984703064


Steps = 2000
[25, 8, 4, 20, 5, 11, 0, 27, 7, 26, 23, 12, 9, 1, 19, 3, 14, 17, 13, 16, 21, 10, 18, 15, 24, 6, 22, 2, 28]
2446.0
30.042927026748657


Steps = 5000
[23, 7, 0, 27, 11, 5, 2, 28, 25, 8, 4, 1, 20, 19, 9, 3, 14, 12, 10, 21, 16, 13, 17, 6, 24, 18, 15, 26, 22]
2483.0
52.10962986946106


