Steps = 10, Colony Size = 1000
[18, 15, 26, 7, 23, 0, 27, 5, 11, 8, 4, 25, 28, 2, 20, 1, 19, 12, 9, 3, 14, 17, 16, 13, 21, 10, 24, 6, 22]
2156.0
12.337852478027344


Steps = 50, Colony Size = 1000
[23, 26, 7, 0, 27, 5, 11, 8, 4, 25, 28, 2, 1, 20, 12, 9, 19, 3, 14, 13, 17, 16, 21, 10, 18, 15, 24, 6, 22]
2090.0
62.80589985847473


Steps = 100, Colony Size = 1000
[26, 23, 7, 0, 27, 5, 11, 8, 4, 25, 28, 2, 1, 20, 12, 9, 19, 3, 14, 13, 17, 16, 21, 10, 18, 24, 6, 22, 15]
2067.0
152.98249077796936


Steps = 250, Colony Size = 1000
[28, 2, 1, 20, 12, 9, 19, 3, 14, 13, 17, 16, 21, 10, 18, 24, 6, 22, 15, 7, 26, 23, 0, 27, 5, 11, 8, 4, 25]
2087.0
396.5918126106262


Steps = 500, Colony Size = 1000
[6, 22, 26, 7, 0, 27, 5, 11, 8, 4, 25, 28, 2, 1, 20, 19, 9, 3, 14, 13, 17, 16, 21, 10, 18, 12, 23, 15, 24]
2070.0
859.0165965557098


Steps = 1000, Colony Size = 1000
