Steps = 50, Colony Size = 10
[80, 196, 44, 96, 99, 155, 130, 179, 141, 68, 107, 35, 56, 73, 32, 13, 191, 9, 174, 98, 91, 18, 65, 152, 43, 187, 50, 178, 15, 117, 36, 137, 8, 123, 118, 10, 51, 47, 83, 169, 115, 121, 193, 62, 60, 135, 45, 171, 173, 120, 84, 144, 14, 122, 63, 19, 161, 46, 30, 53, 5, 106, 108, 156, 167, 34, 1, 180, 124, 153, 20, 139, 163, 172, 149, 90, 93, 82, 61, 7, 21, 133, 111, 126, 185, 41, 134, 54, 66, 176, 12, 78, 159, 119, 154, 182, 102, 142, 24, 89, 33, 16, 38, 37, 27, 70, 55, 177, 151, 85, 71, 128, 145, 97, 113, 57, 140, 170, 199, 87, 147, 138, 49, 184, 29, 67, 168, 22, 127, 192, 59, 100, 3, 162, 92, 105, 148, 48, 183, 28, 17, 109, 6, 81, 77, 25, 198, 110, 52, 0, 131, 39, 190, 26, 197, 158, 23, 31, 114, 116, 11, 165, 95, 164, 103, 72, 2, 58, 40, 188, 76, 157, 79, 64, 186, 150, 160, 88, 69, 143, 101, 75, 94, 132, 175, 112, 181, 194, 42, 136, 104, 4, 195, 129, 74, 166, 125, 86, 189, 146]
56203.0
34.6642951965332


Steps = 50, Colony Size = 50
[193, 62, 187, 152, 65, 178, 36, 183, 60, 135, 48, 17, 28, 109, 13, 191, 100, 3, 59, 166, 157, 76, 167, 184, 49, 71, 82, 61, 53, 186, 150, 66, 30, 159, 63, 19, 161, 78, 190, 26, 197, 122, 14, 144, 84, 131, 110, 0, 52, 116, 114, 45, 171, 120, 173, 158, 23, 31, 198, 25, 77, 8, 123, 117, 15, 118, 51, 10, 83, 47, 164, 95, 165, 96, 9, 174, 91, 18, 98, 56, 35, 155, 99, 73, 32, 44, 196, 80, 103, 125, 86, 162, 92, 105, 148, 107, 2, 72, 68, 58, 88, 149, 90, 93, 94, 102, 128, 145, 33, 142, 89, 24, 16, 7, 126, 185, 41, 134, 54, 64, 46, 119, 108, 106, 156, 5, 180, 124, 1, 67, 168, 34, 163, 139, 153, 20, 69, 75, 101, 181, 194, 175, 132, 112, 104, 42, 136, 151, 177, 55, 38, 129, 37, 70, 27, 87, 147, 113, 97, 57, 170, 140, 199, 138, 4, 195, 85, 74, 154, 182, 111, 21, 133, 12, 176, 79, 160, 29, 172, 22, 143, 192, 127, 11, 39, 146, 137, 6, 81, 115, 43, 121, 169, 188, 141, 130, 179, 40, 189, 50]
53263.0
170.9490885734558


Steps = 50, Colony Size = 100
[188, 68, 141, 2, 72, 58, 40, 88, 163, 139, 20, 153, 1, 180, 124, 160, 150, 53, 5, 106, 108, 156, 186, 19, 63, 54, 119, 46, 30, 66, 161, 159, 122, 14, 144, 84, 0, 110, 116, 114, 52, 131, 26, 197, 8, 77, 137, 183, 28, 109, 45, 171, 158, 173, 86, 125, 10, 51, 83, 169, 121, 193, 50, 115, 187, 43, 62, 15, 117, 36, 60, 25, 198, 81, 6, 23, 31, 135, 123, 18, 9, 174, 98, 91, 44, 196, 32, 99, 155, 56, 35, 73, 13, 191, 100, 3, 162, 92, 105, 148, 178, 65, 152, 47, 165, 95, 164, 103, 118, 80, 96, 130, 179, 172, 168, 67, 29, 22, 94, 93, 90, 149, 69, 101, 75, 34, 167, 184, 61, 82, 85, 4, 104, 42, 136, 129, 38, 37, 27, 177, 151, 55, 195, 70, 71, 49, 138, 132, 112, 175, 181, 194, 97, 113, 87, 147, 140, 57, 170, 199, 33, 89, 142, 102, 24, 16, 145, 128, 133, 21, 154, 182, 74, 7, 111, 126, 41, 185, 134, 176, 78, 12, 76, 157, 192, 127, 166, 59, 17, 48, 11, 146, 39, 190, 64, 79, 143, 107, 120, 189]
52343.0
343.0530962944031


Steps = 50, Colony Size = 250
[180, 124, 160, 1, 34, 168, 106, 108, 5, 186, 150, 79, 157, 76, 127, 192, 100, 3, 59, 162, 92, 148, 105, 18, 9, 174, 121, 115, 43, 62, 15, 193, 196, 44, 80, 96, 99, 155, 32, 179, 130, 68, 141, 107, 191, 73, 56, 35, 13, 137, 123, 8, 25, 198, 6, 178, 65, 152, 118, 91, 98, 189, 48, 17, 109, 28, 183, 36, 117, 50, 187, 169, 165, 51, 10, 83, 47, 103, 164, 95, 125, 86, 29, 67, 101, 143, 90, 149, 22, 172, 173, 120, 158, 116, 114, 52, 0, 110, 84, 26, 190, 197, 14, 122, 171, 45, 60, 135, 81, 77, 23, 31, 131, 144, 39, 146, 11, 78, 12, 176, 66, 161, 159, 63, 19, 54, 119, 46, 30, 156, 133, 21, 182, 154, 7, 16, 142, 89, 145, 102, 113, 97, 170, 57, 140, 147, 27, 38, 70, 37, 151, 177, 195, 4, 104, 136, 42, 85, 138, 94, 93, 49, 129, 71, 82, 61, 184, 167, 74, 53, 134, 41, 185, 126, 111, 188, 2, 72, 58, 40, 88, 153, 20, 139, 163, 69, 75, 181, 194, 175, 132, 112, 55, 87, 128, 24, 33, 199, 64, 166]
52849.0
861.6507585048676