Steps = 10, Colony Size = 10
[10, 3, 14, 17, 16, 13, 21, 18, 15, 23, 26, 22, 7, 0, 27, 5, 11, 8, 4, 20, 1, 19, 9, 12, 25, 28, 2, 24, 6]
2581.0
0.09077930450439453


Steps = 50, Colony Size = 50
[24, 6, 10, 17, 13, 16, 21, 14, 3, 9, 19, 1, 20, 5, 11, 27, 8, 4, 25, 28, 2, 0, 7, 23, 26, 22, 12, 15, 18]
2431.0
3.4793665409088135


Steps = 100, Colony Size = 100
[26, 23, 12, 9, 3, 14, 17, 13, 21, 16, 10, 24, 15, 7, 0, 27, 5, 4, 2, 28, 25, 8, 11, 20, 1, 19, 18, 6, 22]
2403.0
11.772814273834229


Steps = 250, Colony Size = 250
[28, 25, 4, 1, 20, 19, 9, 3, 14, 13, 17, 16, 21, 10, 6, 24, 18, 15, 12, 7, 26, 22, 23, 0, 27, 5, 11, 8, 2]
2264.0
76.88700938224792


Steps = 500, Colony Size = 500
[7, 26, 15, 12, 1, 20, 0, 27, 11, 5, 4, 8, 25, 28, 2, 19, 9, 3, 14, 13, 17, 16, 21, 10, 18, 24, 6, 22, 23]
2155.0
313.32311391830444


