Steps = 10
[18, 10, 21, 13, 17, 16, 14, 3, 19, 1, 25, 28, 2, 5, 15, 12, 9, 20, 0, 27, 23, 26, 7, 11, 8, 4, 24, 6, 22]
2937.0
0.06593728065490723


Steps = 50
[7, 26, 15, 23, 12, 3, 20, 1, 4, 8, 25, 5, 11, 27, 0, 22, 6, 24, 18, 10, 14, 13, 21, 16, 17, 9, 19, 28, 2]
2658.0
0.24915695190429688


Steps = 100
[23, 26, 7, 15, 3, 9, 19, 1, 11, 5, 27, 0, 20, 4, 2, 28, 25, 8, 22, 6, 24, 18, 10, 21, 13, 17, 16, 14, 12]
2578.0
0.6690926551818848


Steps = 250
[25, 28, 2, 19, 9, 3, 14, 17, 16, 13, 21, 10, 18, 15, 26, 23, 7, 0, 27, 5, 11, 4, 1, 20, 12, 22, 24, 6, 8]
2591.0
2.173696756362915


Steps = 500
[22, 26, 23, 15, 14, 3, 9, 19, 1, 20, 4, 5, 0, 27, 11, 8, 25, 28, 2, 7, 12, 18, 24, 17, 13, 21, 16, 10, 6]
2632.0
4.647912502288818


Steps = 1000
[1, 20, 4, 5, 11, 8, 25, 0, 27, 12, 9, 19, 23, 7, 26, 15, 18, 3, 14, 17, 16, 21, 13, 10, 6, 24, 22, 2, 28]
2708.0
9.16384482383728


Steps = 2000
[4, 1, 0, 27, 5, 11, 8, 2, 28, 25, 19, 9, 3, 14, 10, 6, 24, 22, 7, 26, 23, 15, 12, 18, 17, 13, 21, 16, 20]
2624.0
17.413548231124878


Steps = 5000
[13, 10, 9, 3, 14, 12, 0, 27, 20, 1, 19, 2, 28, 25, 8, 4, 11, 5, 22, 7, 26, 23, 15, 6, 24, 18, 17, 16, 21]
2584.0
42.31912803649902


