Variation: ACS, Steps = 100, Colony Size = 1000
[8, 4, 25, 28, 2, 1, 20, 12, 9, 19, 3, 14, 13, 17, 16, 21, 10, 18, 24, 6, 22, 15, 7, 26, 23, 0, 27, 5, 11]
2087.0
198.28076601028442


Variation: Elitist, Steps = 100, Colony Size = 1000
[15, 26, 23, 7, 0, 27, 5, 11, 8, 4, 25, 28, 2, 1, 20, 12, 9, 19, 3, 14, 13, 17, 16, 21, 10, 18, 24, 6, 22]
2067.0
177.81558990478516


Variation: MinMax, Steps = 100, Colony Size = 1000
[27, 0, 20, 19, 9, 3, 1, 25, 2, 28, 8, 4, 5, 11, 7, 6, 24, 15, 12, 10, 21, 13, 17, 16, 14, 18, 22, 26, 23]
2659.0
197.52494502067566


